ioi,greater-than,gender-bias,sva,fact-retrieval-comma,hypernymy-comma,greater-than-price,greater-than-sequence
1.0,0.3103448275862069,0.3488372093023256,0.29896907216494845,0.4095238095238095,0.4580152671755725,0.4044943820224719,0.34523809523809523
0.3103448275862069,1.0,0.3103448275862069,0.2647058823529412,0.30120481927710846,0.2689075630252101,0.6037735849056604,0.5531914893617021
0.3488372093023256,0.3103448275862069,1.0,0.35384615384615387,0.29411764705882354,0.33043478260869563,0.27941176470588236,0.3157894736842105
0.29896907216494845,0.2647058823529412,0.35384615384615387,1.0,0.3793103448275862,0.35833333333333334,0.29333333333333333,0.3076923076923077
0.4095238095238095,0.30120481927710846,0.29411764705882354,0.3793103448275862,1.0,0.5811965811965812,0.3522727272727273,0.3048780487804878
0.4580152671755725,0.2689075630252101,0.33043478260869563,0.35833333333333334,0.5811965811965812,1.0,0.3064516129032258,0.2396694214876033
0.4044943820224719,0.6037735849056604,0.27941176470588236,0.29333333333333333,0.3522727272727273,0.3064516129032258,1.0,0.6470588235294118
0.34523809523809523,0.5531914893617021,0.3157894736842105,0.3076923076923077,0.3048780487804878,0.2396694214876033,0.6470588235294118,1.0
